17
0 0 0 0 0 0 0 0 0 0 0 0 0 0 0 0 0
0 0 0 0 0 0 0 0 0 0 0 0 0 0 0 0 0
0 0 0 0 0 0 0 0 0 0 0 0 0 0 0 0 0
0 0 0 W 0 0 0 0 0 0 0 0 0 0 0 0 0
0 0 0 0 W 0 0 0 0 R 0 0 R 0 0 0 0
0 0 0 0 0 W W 0 0 0 W 0 0 R 0 0 0
0 0 0 0 0 W W W 0 0 B W 0 0 W 0 0
0 0 0 0 0 W W W W W W W W W W W 0
0 0 0 0 0 0 W W R R W W W W W W W
0 0 0 0 R 0 0 W R W W W W R 0 0 0
0 0 0 0 0 W B W W W W W R R 0 0 0
0 0 0 0 0 0 W W W W W W 0 0 0 0 0
0 0 0 0 R 0 0 W W W R 0 W 0 0 0 0
0 0 0 0 0 R 0 W W R R 0 0 W 0 0 0
0 0 0 0 0 0 W W W 0 0 0 0 0 0 0 0
0 0 0 0 0 0 0 W W 0 0 0 0 0 0 0 0
0 0 0 0 0 0 0 0 W 0 0 0 0 0 0 0 0

