17
0 0 0 0 0 0 0 0 0 0 0 0 0 0 0 0 0
0 0 0 0 0 0 W 0 0 0 0 0 0 0 0 0 0
0 0 0 0 0 0 W 0 0 0 0 0 0 0 0 0 0
0 0 0 0 0 0 W 0 0 0 0 0 0 0 0 0 0
0 0 0 0 0 W W W 0 0 0 0 0 0 0 0 0
0 0 0 0 0 W W W 0 0 R 0 0 0 0 0 0
0 0 0 0 0 0 W W W 0 W 0 0 0 0 0 0
0 0 0 0 R 0 W W W W W 0 0 0 0 0 0
0 0 0 0 W 0 W R W W W B 0 R 0 0 0
0 0 0 0 W B W R R W W W 0 W W 0 0
0 0 R 0 0 W W W W W R W W W W W 0
0 0 W 0 W W W R W W R R 0 0 W W 0
0 0 W W W 0 R R W W R R 0 0 0 W 0
0 0 0 W 0 0 0 0 0 0 0 0 0 0 0 0 0
0 0 0 W 0 0 0 0 0 0 0 0 0 0 0 0 0
